0
0
0
0
0
0
0
0
0
0
0
0
0
0
0
0
0
0
0
0
0
0
0
0
0
0
0
0
0
0
0
0
0
0
0
0
0
0
0
0
0
0
0
0
0
0
0
0
0
0
0
0
0
0
0
0
0
0
0
0
0
0
0
0
0
0
0
0
0
0
0
0
0
0
0
0
0
0
0
0
0
0
0
0
0
0
0
0
0
0
0
0
0
0
0
0
0
0
0
0
0
0
0
0
0
0
0
0
0
0
0
0
0
0
0
0
0
0
0
0
0
0
0
0
0
0
0
0
0
0
0
0
0
0
0
0
0
0
0
0
0
0
0
0
0
0
0
0
0
0
0
0
0
0
0
0
0
0
0
0
0
0
0
0
0
0
0
0
0
0
0
0
0
0
0
0
0
0
0
0
0
0
0
0
0
0
0
0
0
0
0
0
0
0
0
0
0
0
0
0
0
0
0
0
0
0
0
0
0
0
0
0
0
0
0
0
0
0
0
0
0
0
0
0
0
0
0
0
0
0
0
0
0
0
0
0
0
0
0
0
0
0
0
0
0
0
0
0
0
0
0
0
0
0
0
0
0
0
0
0
0
0
0
0
0
0
0
0
0
0
0
0
0
0
0
0
0
0
0
0
0
0
0
0
0
0
0
0
0
0
0
0
0
0
0
0
0
0
0
0
0
0
0
0
0
0
0
0
0
0
0
0
0
0
0
0
0
0
0
0
0
0
0
0
0
0
0
0
0
0
0
0
0
0
0
0
0
0
0
0
0
0
0
0
0
0
0
0
0
0
0
0
0
0
0
0
0
0
0
0
0
0
0
0
0
0
0
0
0
0
0
0
0
0
0
0
0
0
0
0
0
0
0
0
0
0
0
0
0
0
0
0
0
0
0
0
0
0
0
0
0
0
0
0
0
0
0
0
0
0
0
0
0
0
0
0
0
0
0
0
0
0
0
0
0
0
0
0
0
0
0
0
0
0
0
0
0
0
0
0
0
0
0
0
0
0
0
0
0
0
0
0
0
0
0
0
0
0
0
0
0
0
0
0
0
0
0
0
0
0
0
0
0
0
0
0
0
0
0
0
0
0
0
0
0
0
0
0
0
0
0
0
0
0
0
0
0
0
0
0
0.020660109
0.0001
0.0001
0.058556884
0.0001
0.0001
0.006453658
0.035752583
0.0001
0.0001
0.0001
0.002948283
0.0001
0.0001
0.0001
0.0001
0.009442907
0.0001
0.0001
0.0001
0.0001
0.0001
0.0001
0.004535381
0.0001
0.0001
0.0001
0.0001
0.001030005
0.06032893
0.0001
0.07892678
0.108225704
0.367524629
0.776823554
1.526122479
2.375421404
3.474720329
4.864019253
6.633318178
8.512617103
10.51191603
12.71121495
15.21051388
17.7098128
20.40911173
23.10841065
35.20770958
29.0070085
31.00630743
33.20560635
35.10490528
37.1042042
38.80350313
40.40280205
42.00210098
43.4013999
44.80069883
46.09999775
47.39929668
48.3985956
49.19789452
49.99719345
50.79649237
51.4957913
52.29509022
53.09438915
53.59368807
54.292987
54.89228592
55.49158485
55.99088377
56.3901827
56.68948162
57.18878055
57.38807947
57.7873784
58.18667732
58.38597625
58.68527517
58.8845741
59.28387302
59.38317195
59.68247087
60.0817698
60.38106872
60.38036765
60.27966657
60.6789655
60.87826442
60.87756335
61.17686227
61.27616119
61.37546012
61.57475904
61.77405797
61.87335689
61.87265582
61.87195474
62.07125367
62.17055259
61.96985152
62.16915044
62.26844937
62.26774829
62.26704722
62.46634614
62.56564507
62.66494399
62.76424292
62.76354184
62.76284077
62.86213969
62.96143862
62.86073754
62.96003647
63.05933539
63.05863432
63.15793324
63.05723217
63.55653109
63.45583002
63.55512894
63.35442787
63.35372679
63.65302571
63.55232464
63.45162356
63.55092249
63.45022141
63.54952034
63.54881926
63.64811819
63.94741711
63.54671604
63.44601496
63.54531389
63.84461281
63.64391174
63.64321066
63.74250959
63.84180851
63.84110744
63.74040636
63.93970529
63.93900421
63.83830314
63.83760206
63.93690099
64.03619991
63.93549884
63.93479776
64.03409669
63.93339561
63.93269454
63.83199346
63.93129238
63.93059131
64.02989023
64.02918916
64.02848808
64.12778701
64.22708593
64.22638486
64.32568378
64.32498271
64.22428163
64.32358056
64.42287948
64.42217841
64.52147733
64.32077626
64.52007518
64.51937411
64.61867303
64.61797196
64.31727088
64.61656981
64.61586873
64.71516766
64.81446658
64.81376551
64.81306443
64.81236336
64.71166228
64.71096121
64.91026013
64.80955906
64.90885798
64.9081569
64.80745583
65.10675475
64.90605368
65.0053526
65.10465153
65.10395045
64.90324938
64.8025483
64.80184723
65.20114615
65.00044508
65.099744
64.89904293
64.99834185
64.89764078
64.9969397
64.89623863
64.99553755
64.99483648
65.1941354
64.99343433
65.09273325
64.89203218
65.0913311
65.19063003
65.18992895
65.18922788
65.0885268
65.08782573
64.88712465
65.08642357
64.8857225
64.78502142
64.98432035
65.08361927
65.1829182
65.18221712
64.98151605
65.28081497
65.1801139
65.37941282
65.27871175
65.37801067
65.4773096
65.37660852
65.37590745
65.67520637
65.4745053
65.47380422
65.57310315
65.57240207
65.571701
65.67099992
65.77029885
65.76959777
65.8688967
65.86819562
65.76749455
65.76679347
65.9660924
65.96539132
66.16469025
66.06398917
66.06328809
66.16258702
65.86188594
66.16118487
66.26048379
66.15978272
66.15908164
66.25838057
66.25767949
66.35697842
66.55627734
66.45557627
66.45487519
66.65417412
66.65347304
66.65277197
66.75207089
67.05136982
66.85066874
66.84996767
66.84926659
66.84856552
66.94786444
67.04716337
67.24646229
66.94576122
66.94506014
67.14435907
67.24365799
67.24295692
67.44225584
67.44155476
67.44085369
67.34015261
67.23945154
67.13875046
67.23804939
67.23734831
67.23664724
67.23594616
67.03524509
67.13454401
67.23384294
67.23314186
67.13244079
66.93173971
67.13103864
67.23033756
67.32963649
67.22893541
67.12823434
67.22753326
67.12683219
67.32613111
67.12543004
67.32472896
67.12402789
66.92332681
67.02262574
67.02192466
67.32122359
67.12052251
67.11982144
67.01912036
67.01841928
67.01771821
67.21701713
66.91631606
67.11561498
66.91491391
67.11421283
66.91351176
66.91281068
66.81210961
66.91140853
66.71070746
67.01000638
67.10930531
66.70860423
66.70790316
66.80720208
66.80650101
66.60579993
66.70509886
66.70439778
66.90369671
66.60299563
66.90229456
66.80159348
66.60089241
66.50019133
66.39949026
66.59878918
66.59808811
66.69738703
66.49668595
66.59598488
66.3952838
66.39458273
66.39388165
66.49318058
66.2924795
66.39177843
66.29107735
66.29037628
66.2896752
66.28897413
66.18827305
66.28757198
66.3868709
66.38616983
66.38546875
66.38476768
66.2840666
66.18336553
66.18266445
66.18196338
66.3812623
66.28056123
66.37986015
66.27915908
65.978458
66.17775693
66.37705585
66.07635478
66.0756537
66.27495263
66.27425155
66.37355047
66.0728494
66.17214832
66.17144725
66.27074617
66.1700451
66.26934402
66.46864295
66.46794187
66.4672408
66.66653972
66.56583865
66.56513757
67.0644365
66.86373542
66.96303435
66.96233327
66.5616322
66.86093112
66.76023005
66.85952897
67.0588279
67.05812682
66.95742575
67.15672467
66.9560236
67.25532252
67.25462145
67.35392037
67.2532193
67.25251822
67.35181714
67.15111607
67.05041499
67.04971392
67.34901284
67.14831177
67.24761069
67.24690962
67.04620854
67.24550747
67.14480639
67.24410532
67.44340424
67.44270317
67.44200209
67.54130102
67.54059994
67.23989887
67.53919779
67.43849672
67.43779564
67.13709457
67.43639349
67.43569242
67.43499134
67.43429027
67.33358919
67.33288812
67.63218704
67.53148597
67.73078489
67.63008382
67.62938274
67.62868166
67.42798059
67.62727951
67.82657844
67.62587736
67.62517629
67.62447521
67.52377414
67.72307306
67.62237199
67.62167091
67.42096984
67.62026876
67.51956769
67.71886661
67.61816554
67.61746446
67.61676339
67.61606231
67.51536124
67.51466016
67.51395909
67.61325801
67.51255694
67.61185586
67.71115479
67.51045371
67.60975264
67.40905156
67.50835049
67.30764941
67.50694833
67.70624726
67.50554618
67.60484511
67.50414403
67.40344296
67.40274188
67.30204081
67.20133973
67.30063866
67.29993758
67.49923651
67.09853543
66.99783436
67.19713328
67.09643221
67.09573113
67.09503006
66.99432898
66.99362791
66.99292683
67.09222576
67.09152468
66.99082361
66.89012253
67.08942146
67.08872038
66.98801931
67.08731823
66.98661716
66.88591608
66.98521501
66.88451393
66.88381285
66.88311178
66.8824107
66.98170963
66.78100855
66.88030748
66.8796064
66.67890533
66.77820425
66.87750318
66.7768021
66.77610103
66.87539995
66.67469888
66.7739978
66.67329673
66.67259565
66.67189458
66.5711935
66.77049243
66.76979135
66.46909028
66.4683892
66.66768813
66.56698705
66.66628598
66.6655849
66.66488383
66.56418275
66.76348168
66.6627806
66.66207952
66.66137845
66.76067737
66.8599763
66.95927522
66.75857415
66.75787307
66.957172
66.85647092
66.95576985
67.15506877
66.7543677
66.95366662
67.05296555
66.75226447
66.8515634
66.95086232
66.85016125
66.74946017
67.0487591
66.84805802
66.84735695
66.74665587
66.4459548
66.64525372
66.64455265
66.74385157
66.8431505
66.94244942
66.84174835
66.54104727
66.4403462
66.23964512
65.63894404
64.93824297
63.83754189
62.83684082
61.23613974
59.43543867
57.33473759
54.93403652
52.43333544
49.93263437
47.43193329
44.83123222
42.23053114
39.92983007
37.52912899
35.22842792
33.32772684
31.22702577
29.32632469
27.42562362
25.62492254
24.02422147
22.32352039
20.92281932
19.72211824
18.12141717
17.22071609
16.32001502
15.31931394
14.31861287
13.41791179
12.51721071
11.81650964
11.31580856
10.81510749
10.11440641
9.813705339
9.213004264
8.812303189
8.311602114
7.910901039
7.680199963
7.289498888
6.938797813
6.588096738
6.247395663
5.906694588
5.725993512
5.445292437
5.194591362
5.033890287
4.883189212
4.602488137
4.441787062
4.411085986
4.250384911
4.009683836
3.888982761
3.868281686
3.587580611
3.526879535
3.35617846
3.205477385
3.15477631
3.104075235
2.91337416
2.842673084
2.781972009
2.701270934
2.570569859
2.399868784
2.409167709
2.398466634
2.267765558
2.227064483
2.206363408
2.055662333
1.974961258
1.984260183
1.793559107
1.832858032
1.772156957
1.671455882
1.780754807
1.670053732
1.629352656
1.628651581
1.507950506
1.417249431
1.386548356
1.415847281
1.275146206
1.33444513
1.223744055
1.18304298
1.232341905
1.15164083
1.210939755
1.220238679
1.149537604
1.068836529
1.088135454
1.017434379
1.016733304
1.006032229
0.995331153
0.974630078
1.023929003
0.993227928
0.932526853
0.881825778
0.851124702
0.910423627
0.799722552
0.819021477
0.788320402
0.837619327
0.766918251
0.766217176
0.715516101
0.734815026
0.694113951
0.673412876
0.682711801
0.572010725
0.60130965
0.670608575
0.5599075
0.569206425
0.51850535
0.537804274
0.527103199
0.626402124
0.585701049
0.564999974
0.534298899
0.523597824
0.492896748
0.522195673
0.521494598
0.430793523
0.440092448
0.449391373
0.408690297
0.407989222
0.377288147
0.416587072
0.405885997
0.405184922
0.444483846
0.403782771
0.363081696
0.422380621
0.371679546
0.370978471
0.290277396
0.37957632
0.398875245
0.31817417
0.277473095
0.34677202
0.446070945
0.255369869
0.384668794
0.393967719
0.383266644
0.252565569
0.251864494
0.281163419
0.260462343
0.269761268
0.289060193
0.248359118
0.287658043
0.286956968
0.276255892
0.245554817
0.254853742
0.264152667
0.263451592
0.282750517
0.302049441
0.311348366
0.190647291
0.249946216
0.249245141
0.188544066
0.227842991
0.247141915
0.18644084
0.205739765
0.28503869
0.194337615
0.18363654
0.212935464
0.152234389
0.271533314
0.230832239
0.230131164
0.199430089
0.158729014
0.158027938
0.227326863
0.106625788
0.095924713
0.135223638
0.174522563
0.273821487
0.203120412
0.162419337
0.111718262
0.181017187
0.220316112
0.149615036
0.098913961
0.138212886
0.187511811
0.116810736
0.156109661
0.125408586
0.10470751
0.104006435
0.13330536
0.172604285
0.08190321
0.091202135
0.010501059
0.039799984
0.179098909
0.048397834
0.007696759
0.076995684
0.016294609
0.035593533
0.104892458
0.074191383
0.093490308
0.092789233
0.082088158
0.111387082
0.090686007
0.059984932
0.089283857
0.138582782
0.047881707
0.087180631
0.106479556
0.155778481
0.045077406
0.074376331
0.103675256
0.112974181
0.042273105
0.08157203
0.060870955
0.00016988
0.109468805
0.0001
0.0001
0.067365579
0.036664504
0.085963429
0.0001
0.044561279
0.033860204
0.013159128
0.0001
0.0001
0.021055903
0.000354828
0.0001
0.118952677
0.098251602
0.017550527
0.006849452
0.0001
0.075447302
0.014746226
0.024045151
0.0001
0.012643001
0.021941926
0.091240851
0.030539776
0.0001
0.139137625
0.02843655
0.047735475
0.0170344
0.0001
0.055632249
0.014931174
0.034230099
0.0001
0.0001
0.002126874
0.0001
0.010724723
0.010023648
0.0001
0.068621498
0.0001
0.007219348
0.0001
0.0001
0.0001
0.014415047
0.003713972
0.073012897
0.082311821
0.0001
0.070909671
0.0001
0.029507521
0.0001
0.008105371
0.057404295
0.01670322
0.026002145
0.0001
0.034599995
0.0001
0.013197844
0.032496769
0.0001
0.001094619
0.020393544
0.0001
0.078991394
0.008290318
0.027589243
0.0001
0.036187093
0.025486018
0.094784943
0.0001
0.023382792
0.012681717
0.0001
0.0001
0.0001
0.0001
0.0001
0.008475266
0.0001
0.017073116
0.036372041
0.0001
0.07496989
0.004268815
0.03356774
0.022866665
0.08216559
0.041464515
0.050763439
6.23643E-05
0.0001
0.0001
0.0001
0.0001
0.026556989
0.035855913
0.0001
0.0001
0.0001
0.0001
0.022350538
0.031649462
0.0001
0.010247312
0.009546237
0.018845162
0
0
0
0
0
0
0
0
0
0
0
0
0
0
0
0
0
0
0
0
0
0
0
0
0
0
0
0
0
0
0
0
0
0
0
0
0
0
0
0
0
0
0
0
0
0
0
0
0
0
0
0
0
0
0
0
0
0
0
0
0
0
0
0
0
0
0
0
0
0
0
0
0
0
0
0
0
0
0
0
0
0
0
0
0
0
0
0
0
0
0
0
0
0
0
0
0
0
0
0
0
0
0
0
0
0
0
0
0
0
0
0
0
0
0
0
0
0
0
0
0
0
0
0
0
0
0
0
0
0
0
0
0
0
0
0
0
0
0
0
0
0
0
0
0
0
0
0
0
0
0
0
0
0
0
0
0
0
0
0
0
0
0
0
0
0
0
0
0
0
0
0
0
0
0
0
0
0
0
0
0
0
0
0
0
0
0
0
0
0
0
0
0
0
0
0
0
0
0
0
0
0
0
0
0
0
0
0
0
0
0
0
0
0
0
0
0
0
0
0
0
0
0
0
0
0
0
0
0
0
0
0
0
0
0
0
0
0
0
0
0
0
0
0
0
0
0
0
0
0
0
0
0
0
0
0
0
0
0
0
0
0
0
0
0
0
0
0
0
0
0
0
0
0
0
0
0
0
0
0
0
0
0
0
0
0
0
0
0
0
0
0
0
0
0
0
0
0
0
0
0
0
0
0
0
0
0
0
0
0
0
0
0
0
0
0
0
0
0
0
0
0
0
0
0
0
0
0
0
0
0
0
0
0
0
0
0
0
0
0
0
0
0
0
0
0
0
0
0
0
0
0
0
0
0
0
0
0
0
0
0
0
0
0
0
0
0
0
0
0
0
0
0
0
0
0
0
0
0
0
0
0
0
0
0
0
0
0
0
0
0
0
0
0
0
0
0
0
0
0
0
0
0
0
0
0
0
0
0
0
0
0
0
0
0
0
0
0
0
0
0
0
0
0
0
0
0
0
0
0
0
0
0
0
0
0
0
0
0
0
0
0
0
0
0
0
0
0
0
0
0
0
0
0
0
0
0
0
0
0
0
0
0
0
0
0
0
0
0
0
0
0
0
0
0
0
0
0
0
0
0
0
0
0
0
0
0
0
0
0
0
0
0
0
0
0
0
0
0
0
0
0
0
0
0
0
0
0
0
0
0
0
0
0
0
0
0
0
0
0
0
0
0
0
0
0
0
0
0
0
0
0
0
0
0
0
0
0
0
0
0
0
0
0
0
0
0
0
0
0
0
0
0
0
0
0
0
0
0
0
0
0
0
0
0
0
0
0
0
0
0
0
0
0
0
0
0
0
0
0
0
0
0
0
0
0
0
0
0
0
0
0
0
0
0
0
0
0
0
0
0
0
0
0
0
0
0
0
0
0
0
0
0
0
0
0
0
0
0
0
0
0
0
0
0
0
0
0
0
0
0
0
0
0
0
0
0
0
0
0
0
0
0
0
0
0
0
0
0
0
0
0
0
0
0
0
0
0
0
0
0
0
0
0
0
0
0
0
0
0
0
0
0
0
0
0
0
0
0
0
0
0
0
0
0
0
0
0
0
0
0
0
0
0
0
0
0
0
0
0
0
0
0
0
0
0
0
0
0
0
0
0
0
0
0
0
0
0
0
0
0
0
0
0
0
0
0
0
0
0
0
0
0
0
0
0
0
0
0
0
0
0
0
0
0
0
0
0
0
0
0
0
0
0
0
0
0
0
0
0
0
0
0
0
0
0
0
0
0
0
0
0
0
0
0
0
0
0
0
0
0
0
0
0
0
0
0
0
0
0
0
0
0
0
0
0
0
0
0
0
0
0
0
0
0
0
0
0
0
0
0
0
0
0
0
0
0
0
0
0
0
0
0
0
0
0
0
0
0
0
0
0
0
0
0
0
0
0
0
0
0
0
0
0
0
0
0
0
0
0
0
0
0
0
0
0
0
0
0
0
0
0
0
0
0
0
0
0
0
0
0
0
0
0
0
0
0
0
0
0
0
0
0
0
0
0
0
0
0
0
0
0
0
0
0
0
0
0
0
0
0
0
0
0
0
0
0
0
0
0
0
0
0
0
0
0
0
0
0
0
0
0
0
0
0
0
0
0
0
0
0
0
0
0
0
0
0
0
0
0
0
0
0
0
0
0
0
0
0
0
0
0
0
0
0
0
0
0
0
0
0
0
0
0
0
0
0
0
0
0
0
0
0
0
0
0
0
0
0
0
0
0
0
0
0
0
0
0
0
0
0
0
0
0
0
0
0
0
0
0
0
0
0
0
0
0
0
0
0
0
0
0
0
0
0
0
0
0
0
0
0
0
0
0
0
0
0
0
0
0
0
0
0
0
0
0
0
0
0
0
0
0
0
0
0
0
0
0
0
0
0
0
0
0
0
0
0
0
0
0
0
0
0
0
0
0
0
0
0
0
0
0
0
0
0
0
0
0
0
0
0
0
0
0
0
0
0
0
0
0
0
0
0
0
0
0
0
0
0
0
0
0
0
0
0
0
0
0
0
0
0
0
0
0
0
0
0
0
0
0
0
0
0
0
0
0
0
0
0
0
0
0
0
0
0
0
0
0
0
0
0
0
0
0
0
0
0
0
0
0
0
0
0
0
0
0
0
0
0
0
0
0
0
0
0
0
0
0
0
0
0
0
0
0
0
0
0
0
0
0
0
0
0
0
0
0
0
0
0
0
0
0
0
0
0
0
0
0
0
0
0
0
0
0
0
0
0
0
0
0
0
0
0
0
0
0
0
0
0
0
0
0
0
0
0
0
0
0
0
0
0
0
0
0
0
0
0
0
0
0
0
0
0
0
0
0
0
0
0
0
0
0
0
0
0
0
0
0
0
0
0
0
0
0
0
0
0
0
0
0
0
0
0
0
0
0
0
0
0
0
0
0
0
0
0
0
0
0
0
0
0
0
0
0
0
0
0
0
0
0
0
0
0
0
0
0
0
0
0
0
0
0
0
0
0
0
0
0
0
0
0
0
0
0
0
0
0
0
0
0
0
0
0
0
0
0
0
0
0
0
0
0
0
0
0
0
0
0
0
0
0
0
0
0
0
0
0
0
0
0
0
0
0
0
0
0
0
0
0
0
0
0
0
0
0
0
0
0
0
0
0
0
0
0
0
0
0
0
0
0
0
0
0
0
0
0
0
0
0
0
0
0
0
0
0
0
0
0
0
0
0
0
0
0
0
0
0
0
0
0
0
0
0
0
0
0
0
0
0
0
0
0
0
0
0
0
0
0
0
0
0
0
0
0
0
0
0
0
0
0
0
0
0
0
0
0
0
0
0
0
0
0
0
0
0
0
0
0
0
0
0
0
0
0
0
0
0
0
0
0
0
0
0
0
0
0
0
0
0
0
0
0
0
0
0
0
0
0
0
0
0
0
0
0
0
0
0
0
0
0
0
0
0
0
0
0
0
0
0
0
0
0
0
0
0
0
0
0
0
0
0
0
0
0
0
0
0
0
0
0
0
0
0
0
0
0
0
0
0
0
0
0
0
0
0
0
0
0
0
0
0
0
0
0
0
0
0
0
0
0
0
0
0
0
0
0
0
0
0
0
0
0
0
0
0
0
0
0
0
0
0
0
0
0
0
0
0
0
0
0
0
0
0
0
0
0
0
0
0
0
0
0
0
0
0
0
0
0
0
0
0
0
0
0
0
0
0
0
0
0
0
0
0
0
0
0
0
0
0
0
0
0
0
0
0
0
0
0
0
0
0
0
0
0
0
0
0
0
0
0
0
0
0
0
0
0
0
0
0
0
0
0
0
0
0
0
0
0
0
0
0
0
0
0
0
0
0
0
0
0
0
0
0
0
0
0
0
0
0
0
0
0
0
0
0
0
0
0
0
0
0
0
0
0
0
0
0
0
0
0
0
0
0
0
0
0
0
0
0
0
0
0
0
0
0
0
0
0
0
0
0
0
0
0
0
0
0
0
0
0
0
0
0
0
0
0
0
0
0
0
0
0
0
0
0
0
0
0
0
0
0
0
0
0
0
0
0
0
0
0
0
0
0
0
0
0
0
0
0
0
0
0
0
0
0
0
0
0
0
0
0
0
0
0
0
0
0
0
0
0
0
0
0
0
0
0
0
0
0
0
0
0
0
0
0
0
0
0
0
0
0
0
0
0
0
0
0
0
0
0
0
0
0
0
0
0
0
0
0
0
0
0
0
0
0
0
0
0
0
0
0
0
0
0
0
0
0
0
0
0
0
0
0
0
0
0
0
0
0
0
0
0
0
0
0
0
0
0
0
0
0
0
0
0
0
0
0
0
0
0
0
0
0
0
0
0
0
0
0
0
0
0
0
0
0
0
0
0
0
0
0
0
0
0
0
0
0
0
0
0
0
0
0
0
0
0
0
0
0
0
0
0
0
0
0
0
0
0
0
0
0
0
0
0
0
0
0
0
0
0
0
0
0
0
0
0
0
0
0
0
0
0
0
0
0
0
0
0
0
0
0
0
0
0
0
0
0
0
0
0
0
0
0
0
0
0
0
0
0
0
0
0
0
0
0
0
0
0
0
0
0
0
0
0
0
0
0
0
0
0
0
0
0
0
0
0
0
0
0
0
0
0
0
0
0
0
0
0
0
0
0
0
0
0
0
0
0
0
0
0
0
0
0
0
0
0
0
0
0
0
0
0
0
0
0
0
0
0
0
0
0
0
0
0
0
0
0
0
0
0
0
0
0
0
0
0
0
0
0
0
0
0
0
0
0
0
0
0
0
0
0
0
0
0
0
0
0
0
0
0
0
0
0
0
0
0
0
0
0
0
0
0
0
0
0
0
0
0
0
0
0
0
0
0
0
0
0
0
0
0
0
0
0
0
0
0
0
0
0
0
0
0
0
0
0
0
0
0
0
0
0
0
0
0
0
0
0
0
0
0
0
0
0
0
0
0
0
0
0
0
0
0
0
0
0
0
0
0
0
0
0
0
0
0
0
0
0
0
0
0
0
0
0
0
0
0
0
0
0
0
0
0
0
0
0
0
0
0
0
0
0
0
0
0
0
0
0
0
0
0
0
0
0
0
0
0
0
0
0
0
0
0
0
0
0
0
0
0
0
0
0
0
0
0
0
0
0
0
0
0
0
0
0
0
0
0
0
0
0
0
0
0
0
0
0
0
0
0
0
0
0
0
0
0
0
0
0
0
0
0
0
0
0
0
0
0
0
0
0
0
0
0
0
0
0
0
0
0
0
0
0
0
0
0
0
0
0
0
0
0
0
0
0
0
0
0
0
0
0
0
0
0
0
0
0
0
0
0
0
0
0
0
0
0
0
0
0
0
0
0
0
0
0
0
0
0
0
0
0
0
0
0
0
0
0
0
0
0
0
0
0
0
0
0
0
0
0
0
0
0
0
0
0
0
0
0
0
0
0
0
0
0
0
0
0
0
0
0
0
0
0
0
0
0
0
0
0
0
0
0
0
0
0
0
0
0
0
0
0
0
0
0
0
0
0
0
0
0
0
0
0
0
0
0
0
0
0
0
0
0
0
0
0
0
0
0
0
0
0
0
0
0
0
0
0
0
0
0
0
0
0
0
0
0
0
0
0
0
0
0
0
0
0
0
0
0
0
0
0
0
0
0
0
0
0
0
0
0
0
0
0
0
0
0
0
0
0
0
0
0
0
0
0
0
0
0
0
0
0
0
0
0
0
0
0
0
0
0
0
0
0
0
0
0
0
0
0
0
0
0
0
0
0
0
0
0
0
0
0
0
0
0
0
0
0
0
0
0
0
0
0
0
0
0
0
0
0
0
0
0
0
0
0
0
0
0
0
0
0
0
0
0
0
0
0
0
0
0
0
0
0
0
0
0
0
0
0
0
0
0
0
0
0
0
0
0
0
0
0
0
0
0
0
0
0
0
0
0
0
0
0
0
0
0
0
0
0
0
0
0
0
0
0
0
0
0
0
0
0
0
0
0
0
0
0
0
0
0
0
0
0
0
0
0
0
0
0
0
0
0
0
