0.000000
0.333333
0.666667
1.000000
1.333333
1.666667
2.000000
2.333333
2.666667
3.000000
3.333333
3.666667
4.000000
4.333333
4.666667
5.000000
5.333333
5.666667
6.000000
6.333333
6.666667
7.000000
7.333333
7.666667
8.000000
8.333333
8.666667
9.000000
9.333333
9.666667
10.000000
10.333333
10.666667
11.000000
11.333333
11.666667
12.000000
12.333333
12.666667
13.000000
13.333333
13.666667
14.000000
14.333333
14.666667
15.000000
15.333333
15.666667
16.000000
16.333333
16.666667
17.000000
17.333333
17.666667
18.000000
18.333333
18.666667
19.000000
19.333333
19.666667
20.000000
20.333333
20.666667
21.000000
21.333333
21.666667
22.000000
22.333333
22.666667
23.000000
23.333333
23.666667
24.000000
24.333333
24.666667
25.000000
25.333333
25.666667
26.000000
26.333333
26.666667
27.000000
27.333333
27.666667
28.000000
28.333333
28.666667
29.000000
29.333333
29.666667
30.000000
30.333333
30.666667
31.000000
31.333333
31.666667
32.000000
32.333333
32.666667
33.000000
33.333333
33.666667
34.000000
34.333333
34.666667
35.000000
35.333333
35.666667
36.000000
36.333333
36.666667
37.000000
37.333333
37.666667
38.000000
38.333333
38.666667
39.000000
39.333333
39.666667
40.000000
40.333333
40.666667
41.000000
41.333333
41.666667
42.000000
42.333333
42.666667
43.000000
43.333333
43.666667
44.000000
44.333333
44.666667
45.000000
45.333333
45.666667
46.000000
46.333333
46.666667
47.000000
47.333333
47.666667
48.000000
48.333333
48.666667
49.000000
49.333333
49.666667
50.000000
50.333333
50.666667
51.000000
51.333333
51.666667
52.000000
52.333333
52.666667
53.000000
53.333333
53.666667
54.000000
54.333333
54.666667
55.000000
55.333333
55.666667
56.000000
56.333333
56.666667
57.000000
57.333333
57.666667
58.000000
58.333333
58.666667
59.000000
59.333333
59.666667
60.000000
60.333333
60.666667
61.000000
61.333333
61.666667
62.000000
62.333333
62.666667
63.000000
63.333333
63.666667
64.000000
64.333333
64.666667
65.000000
65.333333
65.666667
66.000000
66.333333
66.666667
67.000000
67.333333
67.666667
68.000000
68.333333
68.666667
69.000000
69.333333
69.666667
70.000000
70.333333
70.666667
71.000000
71.333333
71.666667
72.000000
72.333333
72.666667
73.000000
73.333333
73.666667
74.000000
74.333333
74.666667
75.000000
75.333333
75.666667
76.000000
76.333333
76.666667
77.000000
77.333333
77.666667
78.000000
78.333333
78.666667
79.000000
79.333333
79.666667
80.000000
80.333333
80.666667
81.000000
81.333333
81.666667
82.000000
82.333333
82.666667
83.000000
83.333333
83.666667
84.000000
84.333333
84.666667
85.000000
85.333333
85.666667
86.000000
86.333333
86.666667
87.000000
87.333333
87.666667
88.000000
88.333333
88.666667
89.000000
89.333333
89.666667
90.000000
90.333333
90.666667
91.000000
91.333333
91.666667
92.000000
92.333333
92.666667
93.000000
93.333333
93.666667
94.000000
94.333333
94.666667
95.000000
95.333333
95.666667
96.000000
96.333333
96.666667
97.000000
97.333333
97.666667
98.000000
98.333333
98.666667
99.000000
99.333333
99.666667
100.000000
100.333333
100.666667
101.000000
101.333333
101.666667
102.000000
102.333333
102.666667
103.000000
103.333333
103.666667
104.000000
104.333333
104.666667
105.000000
105.333333
105.666667
106.000000
106.333333
106.666667
107.000000
107.333333
107.666667
108.000000
108.333333
108.666667
109.000000
109.333333
109.666667
110.000000
110.333333
110.666667
111.000000
111.333333
111.666667
112.000000
112.333333
112.666667
113.000000
113.333333
113.666667
114.000000
114.333333
114.666667
115.000000
115.333333
115.666667
116.000000
116.333333
116.666667
117.000000
117.333333
117.666667
118.000000
118.333333
118.666667
119.000000
119.333333
119.666667
120.000000
120.333333
120.666667
121.000000
121.333333
121.666667
122.000000
122.333333
122.666667
123.000000
123.333333
123.666667
124.000000
124.333333
124.666667
125.000000
125.333333
125.666667
126.000000
126.333333
126.666667
127.000000
127.333333
127.666667
128.000000
128.333333
128.666667
129.000000
129.333333
129.666667
130.000000
130.333333
130.666667
131.000000
131.333333
131.666667
132.000000
132.333333
132.666667
133.000000
133.333333
133.666667
134.000000
134.333333
134.666667
135.000000
135.333333
135.666667
136.000000
136.333333
136.666667
137.000000
137.333333
137.666667
138.000000
138.333333
138.666667
139.000000
139.333333
139.666667
140.000000
140.333333
140.666667
141.000000
141.333333
141.666667
142.000000
142.333333
142.666667
143.000000
143.333333
143.666667
144.000000
144.333333
144.666667
145.000000
145.333333
145.666667
146.000000
146.333333
146.666667
147.000000
147.333333
147.666667
148.000000
148.333333
148.666667
149.000000
149.333333
149.666667
150.000000
150.333333
150.666667
151.000000
151.333333
151.666667
152.000000
152.333333
152.666667
153.000000
153.333333
153.666667
154.000000
154.333333
154.666667
155.000000
155.333333
155.666667
156.000000
156.333333
156.666667
157.000000
157.333333
157.666667
158.000000
158.333333
158.666667
159.000000
159.333333
159.666667
160.000000
160.333333
160.666667
161.000000
161.333333
161.666667
162.000000
162.333333
162.666667
163.000000
163.333333
163.666667
164.000000
164.333333
164.666667
165.000000
165.333333
165.666667
166.000000
166.333333
166.666667
167.000000
167.333333
167.666667
168.000000
168.333333
168.666667
169.000000
169.333333
169.666667
170.000000
170.333333
170.666667
171.000000
171.333333
171.666667
172.000000
172.333333
172.666667
173.000000
173.333333
173.666667
174.000000
174.333333
174.666667
175.000000
175.333333
175.666667
176.000000
176.333333
176.666667
177.000000
177.333333
177.666667
178.000000
178.333333
178.666667
179.000000
179.333333
179.666667
180.000000
180.333333
180.666667
181.000000
181.333333
181.666667
182.000000
182.333333
182.666667
183.000000
183.333333
183.666667
184.000000
184.333333
184.666667
185.000000
185.333333
185.666667
186.000000
186.333333
186.666667
187.000000
187.333333
187.666667
188.000000
188.333333
188.666667
189.000000
189.333333
189.666667
190.000000
190.333333
190.666667
191.000000
191.333333
191.666667
192.000000
192.333333
192.666667
193.000000
193.333333
193.666667
194.000000
194.333333
194.666667
195.000000
195.333333
195.666667
196.000000
196.333333
196.666667
197.000000
197.333333
197.666667
198.000000
198.333333
198.666667
199.000000
199.333333
199.666667
200.000000
200.333333
200.666667
201.000000
201.333333
201.666667
202.000000
202.333333
202.666667
203.000000
203.333333
203.666667
204.000000
204.333333
204.666667
205.000000
205.333333
205.666667
206.000000
206.333333
206.666667
207.000000
207.333333
207.666667
208.000000
208.333333
208.666667
209.000000
209.333333
209.666667
210.000000
210.333333
210.666667
211.000000
211.333333
211.666667
212.000000
212.333333
212.666667
213.000000
213.333333
213.666667
214.000000
214.333333
214.666667
215.000000
215.333333
215.666667
216.000000
216.333333
216.666667
217.000000
217.333333
217.666667
218.000000
218.333333
218.666667
219.000000
219.333333
219.666667
220.000000
220.333333
220.666667
221.000000
221.333333
221.666667
222.000000
222.333333
222.666667
223.000000
223.333333
223.666667
224.000000
224.333333
224.666667
225.000000
225.333333
225.666667
226.000000
226.333333
226.666667
227.000000
227.333333
227.666667
228.000000
228.333333
228.666667
229.000000
229.333333
229.666667
230.000000
230.333333
230.666667
231.000000
231.333333
231.666667
232.000000
232.333333
232.666667
233.000000
233.333333
233.666667
234.000000
234.333333
234.666667
235.000000
235.333333
235.666667
236.000000
236.333333
236.666667
237.000000
237.333333
237.666667
238.000000
238.333333
238.666667
239.000000
239.333333
239.666667
240.000000
240.333333
240.666667
241.000000
241.333333
241.666667
242.000000
242.333333
242.666667
243.000000
243.333333
243.666667
244.000000
244.333333
244.666667
245.000000
245.333333
245.666667
246.000000
246.333333
246.666667
247.000000
247.333333
247.666667
248.000000
248.333333
248.666667
249.000000
249.333333
249.666667
250.000000
250.333333
250.666667
251.000000
251.333333
251.666667
252.000000
252.333333
252.666667
253.000000
253.333333
253.666667
254.000000
254.333333
254.666667
255.000000
255.333333
255.666667
256.000000
256.333333
256.666667
257.000000
257.333333
257.666667
258.000000
258.333333
258.666667
259.000000
259.333333
259.666667
260.000000
260.333333
260.666667
261.000000
261.333333
261.666667
262.000000
262.333333
262.666667
263.000000
263.333333
263.666667
264.000000
264.333333
264.666667
265.000000
265.333333
265.666667
266.000000
266.333333
266.666667
267.000000
267.333333
267.666667
268.000000
268.333333
268.666667
269.000000
269.333333
269.666667
270.000000
270.333333
270.666667
271.000000
271.333333
271.666667
272.000000
272.333333
272.666667
273.000000
273.333333
273.666667
274.000000
274.333333
274.666667
275.000000
275.333333
275.666667
276.000000
276.333333
276.666667
277.000000
277.333333
277.666667
278.000000
278.333333
278.666667
279.000000
279.333333
279.666667
280.000000
280.333333
280.666667
281.000000
281.333333
281.666667
282.000000
282.333333
282.666667
283.000000
283.333333
283.666667
284.000000
284.333333
284.666667
285.000000
285.333333
285.666667
286.000000
286.333333
286.666667
287.000000
287.333333
287.666667
288.000000
288.333333
288.666667
289.000000
289.333333
289.666667
290.000000
290.333333
290.666667
291.000000
291.333333
291.666667
292.000000
292.333333
292.666667
293.000000
293.333333
293.666667
294.000000
294.333333
294.666667
295.000000
295.333333
295.666667
296.000000
296.333333
296.666667
297.000000
297.333333
297.666667
298.000000
298.333333
298.666667
299.000000
299.333333
299.666667
300.000000
300.333333
300.666667
301.000000
301.333333
301.666667
302.000000
302.333333
302.666667
303.000000
303.333333
303.666667
304.000000
304.333333
304.666667
305.000000
305.333333
305.666667
306.000000
306.333333
306.666667
307.000000
307.333333
307.666667
308.000000
308.333333
308.666667
309.000000
309.333333
309.666667
310.000000
310.333333
310.666667
311.000000
311.333333
311.666667
312.000000
312.333333
312.666667
313.000000
313.333333
313.666667
314.000000
314.333333
314.666667
315.000000
315.333333
315.666667
316.000000
316.333333
316.666667
317.000000
317.333333
317.666667
318.000000
318.333333
318.666667
319.000000
319.333333
319.666667
320.000000
320.333333
320.666667
321.000000
321.333333
321.666667
322.000000
322.333333
322.666667
323.000000
323.333333
323.666667
324.000000
324.333333
324.666667
325.000000
325.333333
325.666667
326.000000
326.333333
326.666667
327.000000
327.333333
327.666667
328.000000
328.333333
328.666667
329.000000
329.333333
329.666667
330.000000
330.333333
330.666667
331.000000
331.333333
331.666667
332.000000
332.333333
332.666667
333.000000
333.333333
333.666667
334.000000
334.333333
334.666667
335.000000
335.333333
335.666667
336.000000
336.333333
336.666667
337.000000
337.333333
337.666667
338.000000
338.333333
338.666667
339.000000
339.333333
339.666667
340.000000
340.333333
340.666667
341.000000
341.333333
341.666667
342.000000
342.333333
342.666667
343.000000
343.333333
343.666667
344.000000
344.333333
344.666667
345.000000
345.333333
345.666667
346.000000
346.333333
346.666667
347.000000
347.333333
347.666667
348.000000
348.333333
348.666667
349.000000
349.333333
349.666667
350.000000
350.333333
350.666667
351.000000
351.333333
351.666667
352.000000
352.333333
352.666667
353.000000
353.333333
353.666667
354.000000
354.333333
354.666667
355.000000
355.333333
355.666667
356.000000
356.333333
356.666667
357.000000
357.333333
357.666667
358.000000
358.333333
358.666667
359.000000
359.333333
359.666667
360.000000
360.333333
360.666667
361.000000
361.333333
361.666667
362.000000
362.333333
362.666667
363.000000
363.333333
363.666667
364.000000
364.333333
364.666667
365.000000
365.333333
365.666667
366.000000
366.333333
366.666667
367.000000
367.333333
367.666667
368.000000
368.333333
368.666667
369.000000
369.333333
369.666667
370.000000
370.333333
370.666667
371.000000
371.333333
371.666667
372.000000
372.333333
372.666667
373.000000
373.333333
373.666667
374.000000
374.333333
374.666667
375.000000
375.333333
375.666667
376.000000
376.333333
376.666667
377.000000
377.333333
377.666667
378.000000
378.333333
378.666667
379.000000
379.333333
379.666667
380.000000
380.333333
380.666667
381.000000
381.333333
381.666667
382.000000
382.333333
382.666667
383.000000
383.333333
383.666667
384.000000
384.333333
384.666667
385.000000
385.333333
385.666667
386.000000
386.333333
386.666667
387.000000
387.333333
387.666667
388.000000
388.333333
388.666667
389.000000
389.333333
389.666667
390.000000
390.333333
390.666667
391.000000
391.333333
391.666667
392.000000
392.333333
392.666667
393.000000
393.333333
393.666667
394.000000
394.333333
394.666667
395.000000
395.333333
395.666667
396.000000
396.333333
396.666667
397.000000
397.333333
397.666667
398.000000
398.333333
398.666667
399.000000
399.333333
399.666667
400.000000
400.333333
400.666667
401.000000
401.333333
401.666667
402.000000
402.333333
402.666667
403.000000
403.333333
403.666667
404.000000
404.333333
404.666667
405.000000
405.333333
405.666667
406.000000
406.333333
406.666667
407.000000
407.333333
407.666667
408.000000
408.333333
408.666667
409.000000
409.333333
409.666667
410.000000
410.333333
410.666667
411.000000
411.333333
411.666667
412.000000
412.333333
412.666667
413.000000
413.333333
413.666667
414.000000
414.333333
414.666667
415.000000
415.333333
415.666667
416.000000
416.333333
416.666667
417.000000
417.333333
417.666667
418.000000
418.333333
418.666667
419.000000
419.333333
419.666667
420.000000
420.333333
420.666667
421.000000
421.333333
421.666667
422.000000
422.333333
422.666667
423.000000
423.333333
423.666667
424.000000
424.333333
424.666667
425.000000
425.333333
425.666667
426.000000
426.333333
426.666667
427.000000
427.333333
427.666667
428.000000
428.333333
428.666667
429.000000
429.333333
429.666667
430.000000
430.333333
430.666667
431.000000
431.333333
431.666667
432.000000
432.333333
432.666667
433.000000
433.333333
433.666667
434.000000
434.333333
434.666667
435.000000
435.333333
435.666667
436.000000
436.333333
436.666667
437.000000
437.333333
437.666667
438.000000
438.333333
438.666667
439.000000
439.333333
439.666667
440.000000
440.333333
440.666667
441.000000
441.333333
441.666667
442.000000
442.333333
442.666667
443.000000
443.333333
443.666667
444.000000
444.333333
444.666667
445.000000
445.333333
445.666667
446.000000
446.333333
446.666667
447.000000
447.333333
447.666667
448.000000
448.333333
448.666667
449.000000
449.333333
449.666667
450.000000
450.333333
450.666667
451.000000
451.333333
451.666667
452.000000
452.333333
452.666667
453.000000
453.333333
453.666667
454.000000
454.333333
454.666667
455.000000
455.333333
455.666667
456.000000
456.333333
456.666667
457.000000
457.333333
457.666667
458.000000
458.333333
458.666667
459.000000
459.333333
459.666667
460.000000
460.333333
460.666667
461.000000
461.333333
461.666667
462.000000
462.333333
462.666667
463.000000
463.333333
463.666667
464.000000
464.333333
464.666667
465.000000
465.333333
465.666667
466.000000
466.333333
466.666667
467.000000
467.333333
467.666667
468.000000
468.333333
468.666667
469.000000
469.333333
469.666667
470.000000
470.333333
470.666667
471.000000
471.333333
471.666667
472.000000
472.333333
472.666667
473.000000
473.333333
473.666667
474.000000
474.333333
474.666667
475.000000
475.333333
475.666667
476.000000
476.333333
476.666667
477.000000
477.333333
477.666667
478.000000
478.333333
478.666667
479.000000
479.333333
479.666667
480.000000
480.333333
480.666667
481.000000
481.333333
481.666667
482.000000
482.333333
482.666667
483.000000
483.333333
483.666667
484.000000
484.333333
484.666667
485.000000
485.333333
485.666667
486.000000
486.333333
486.666667
487.000000
487.333333
487.666667
488.000000
488.333333
488.666667
489.000000
489.333333
489.666667
490.000000
490.333333
490.666667
491.000000
491.333333
491.666667
492.000000
492.333333
492.666667
493.000000
493.333333
493.666667
494.000000
494.333333
494.666667
495.000000
495.333333
495.666667
496.000000
496.333333
496.666667
497.000000
497.333333
497.666667
498.000000
498.333333
498.666667
499.000000
499.333333
499.666667
500.000000
500.333333
500.666667
501.000000
501.333333
501.666667
502.000000
502.333333
502.666667
503.000000
503.333333
503.666667
504.000000
504.333333
504.666667
505.000000
505.333333
505.666667
506.000000
506.333333
506.666667
507.000000
507.333333
507.666667
508.000000
508.333333
508.666667
509.000000
509.333333
509.666667
510.000000
510.333333
510.666667
511.000000
511.333333
511.666667
512.000000
512.333333
512.666667
513.000000
513.333333
513.666667
514.000000
514.333333
514.666667
515.000000
515.333333
515.666667
516.000000
516.333333
516.666667
517.000000
517.333333
517.666667
518.000000
518.333333
518.666667
519.000000
519.333333
519.666667
520.000000
520.333333
520.666667
521.000000
521.333333
521.666667
522.000000
522.333333
522.666667
523.000000
523.333333
523.666667
524.000000
524.333333
524.666667
525.000000
525.333333
525.666667
526.000000
526.333333
526.666667
527.000000
527.333333
527.666667
528.000000
528.333333
528.666667
529.000000
529.333333
529.666667
530.000000
530.333333
530.666667
531.000000
531.333333
531.666667
532.000000
532.333333
532.666667
533.000000
533.333333
533.666667
534.000000
534.333333
534.666667
535.000000
535.333333
535.666667
536.000000
536.333333
536.666667
537.000000
537.333333
537.666667
538.000000
538.333333
538.666667
539.000000
539.333333
539.666667
540.000000
540.333333
540.666667
541.000000
541.333333
541.666667
542.000000
542.333333
542.666667
543.000000
543.333333
543.666667
544.000000
544.333333
544.666667
545.000000
545.333333
545.666667
546.000000
546.333333
546.666667
547.000000
547.333333
547.666667
548.000000
548.333333
548.666667
549.000000
549.333333
549.666667
550.000000
550.333333
550.666667
551.000000
551.333333
551.666667
552.000000
552.333333
552.666667
553.000000
553.333333
553.666667
554.000000
554.333333
554.666667
555.000000
555.333333
555.666667
556.000000
556.333333
556.666667
557.000000
557.333333
557.666667
558.000000
558.333333
558.666667
559.000000
559.333333
559.666667
560.000000
560.333333
560.666667
561.000000
561.333333
561.666667
562.000000
562.333333
562.666667
563.000000
563.333333
563.666667
564.000000
564.333333
564.666667
565.000000
565.333333
565.666667
566.000000
566.333333
566.666667
567.000000
567.333333
567.666667
568.000000
568.333333
568.666667
569.000000
569.333333
569.666667
570.000000
570.333333
570.666667
571.000000
571.333333
571.666667
572.000000
572.333333
572.666667
573.000000
573.333333
573.666667
574.000000
574.333333
574.666667
575.000000
575.333333
575.666667
576.000000
576.333333
576.666667
577.000000
577.333333
577.666667
578.000000
578.333333
578.666667
579.000000
579.333333
579.666667
580.000000
580.333333
580.666667
581.000000
581.333333
581.666667
582.000000
582.333333
582.666667
583.000000
583.333333
583.666667
584.000000
584.333333
584.666667
585.000000
585.333333
585.666667
586.000000
586.333333
586.666667
587.000000
587.333333
587.666667
588.000000
588.333333
588.666667
589.000000
589.333333
589.666667
590.000000
590.333333
590.666667
591.000000
591.333333
591.666667
592.000000
592.333333
592.666667
593.000000
593.333333
593.666667
594.000000
594.333333
594.666667
595.000000
595.333333
595.666667
596.000000
596.333333
596.666667
597.000000
597.333333
597.666667
598.000000
598.333333
598.666667
599.000000
599.333333
599.666667
600.000000
600.333333
600.666667
601.000000
601.333333
601.666667
602.000000
602.333333
602.666667
603.000000
603.333333
603.666667
604.000000
604.333333
604.666667
605.000000
605.333333
605.666667
606.000000
606.333333
606.666667
607.000000
607.333333
607.666667
608.000000
608.333333
608.666667
609.000000
609.333333
609.666667
610.000000
610.333333
610.666667
611.000000
611.333333
611.666667
612.000000
612.333333
612.666667
613.000000
613.333333
613.666667
614.000000
614.333333
614.666667
615.000000
615.333333
615.666667
616.000000
616.333333
616.666667
617.000000
617.333333
617.666667
618.000000
618.333333
618.666667
619.000000
619.333333
619.666667
620.000000
620.333333
620.666667
621.000000
621.333333
621.666667
622.000000
622.333333
622.666667
623.000000
623.333333
623.666667
624.000000
624.333333
624.666667
625.000000
625.333333
625.666667
626.000000
626.333333
626.666667
627.000000
627.333333
627.666667
628.000000
628.333333
628.666667
629.000000
629.333333
629.666667
630.000000
630.333333
630.666667
631.000000
631.333333
631.666667
632.000000
632.333333
632.666667
633.000000
633.333333
633.666667
634.000000
634.333333
634.666667
635.000000
635.333333
635.666667
636.000000
636.333333
636.666667
637.000000
637.333333
637.666667
638.000000
638.333333
638.666667
639.000000
639.333333
639.666667
640.000000
640.333333
640.666667
641.000000
641.333333
641.666667
642.000000
642.333333
642.666667
643.000000
643.333333
643.666667
644.000000
644.333333
644.666667
645.000000
645.333333
645.666667
646.000000
646.333333
646.666667
647.000000
647.333333
647.666667
648.000000
648.333333
648.666667
649.000000
649.333333
649.666667
650.000000
650.333333
650.666667
651.000000
651.333333
651.666667
652.000000
652.333333
652.666667
653.000000
653.333333
653.666667
654.000000
654.333333
654.666667
655.000000
655.333333
655.666667
656.000000
656.333333
656.666667
657.000000
657.333333
657.666667
658.000000
658.333333
658.666667
659.000000
659.333333
659.666667
660.000000
660.333333
660.666667
661.000000
661.333333
661.666667
662.000000
662.333333
662.666667
663.000000
663.333333
663.666667
664.000000
664.333333
664.666667
665.000000
665.333333
665.666667
666.000000
666.333333
666.666667
667.000000
667.333333
667.666667
668.000000
668.333333
668.666667
669.000000
669.333333
669.666667
670.000000
670.333333
670.666667
671.000000
671.333333
671.666667
672.000000
672.333333
672.666667
673.000000
673.333333
673.666667
674.000000
674.333333
674.666667
675.000000
675.333333
675.666667
676.000000
676.333333
676.666667
677.000000
677.333333
677.666667
678.000000
678.333333
678.666667
679.000000
679.333333
679.666667
680.000000
680.333333
680.666667
681.000000
681.333333
681.666667
682.000000
682.333333
682.666667
683.000000
683.333333
683.666667
684.000000
684.333333
684.666667
685.000000
685.333333
685.666667
686.000000
686.333333
686.666667
687.000000
687.333333
687.666667
688.000000
688.333333
688.666667
689.000000
689.333333
689.666667
690.000000
690.333333
690.666667
691.000000
691.333333
691.666667
692.000000
692.333333
692.666667
693.000000
693.333333
693.666667
694.000000
694.333333
694.666667
695.000000
695.333333
695.666667
696.000000
696.333333
696.666667
697.000000
697.333333
697.666667
698.000000
698.333333
698.666667
699.000000
699.333333
699.666667
700.000000
700.333333
700.666667
701.000000
701.333333
701.666667
702.000000
702.333333
702.666667
703.000000
703.333333
703.666667
704.000000
704.333333
704.666667
705.000000
705.333333
705.666667
706.000000
706.333333
706.666667
707.000000
707.333333
707.666667
708.000000
708.333333
708.666667
709.000000
709.333333
709.666667
710.000000
710.333333
710.666667
711.000000
711.333333
711.666667
712.000000
712.333333
712.666667
713.000000
713.333333
713.666667
714.000000
714.333333
714.666667
715.000000
715.333333
715.666667
716.000000
716.333333
716.666667
717.000000
717.333333
717.666667
718.000000
718.333333
718.666667
719.000000
719.333333
719.666667
720.000000
720.333333
720.666667
721.000000
721.333333
721.666667
722.000000
722.333333
722.666667
723.000000
723.333333
723.666667
724.000000
724.333333
724.666667
725.000000
725.333333
725.666667
726.000000
726.333333
726.666667
727.000000
727.333333
727.666667
728.000000
728.333333
728.666667
729.000000
729.333333
729.666667
730.000000
730.333333
730.666667
731.000000
731.333333
731.666667
732.000000
732.333333
732.666667
733.000000
733.333333
733.666667
734.000000
734.333333
734.666667
735.000000
735.333333
735.666667
736.000000
736.333333
736.666667
737.000000
737.333333
737.666667
738.000000
738.333333
738.666667
739.000000
739.333333
739.666667
740.000000
740.333333
740.666667
741.000000
741.333333
741.666667
742.000000
742.333333
742.666667
743.000000
743.333333
743.666667
744.000000
744.333333
744.666667
745.000000
745.333333
745.666667
746.000000
746.333333
746.666667
747.000000
747.333333
747.666667
748.000000
748.333333
748.666667
749.000000
749.333333
749.666667
750.000000
750.333333
750.666667
751.000000
751.333333
751.666667
752.000000
752.333333
752.666667
753.000000
753.333333
753.666667
754.000000
754.333333
754.666667
755.000000
755.333333
755.666667
756.000000
756.333333
756.666667
757.000000
757.333333
757.666667
758.000000
758.333333
758.666667
759.000000
759.333333
759.666667
760.000000
760.333333
760.666667
761.000000
761.333333
761.666667
762.000000
762.333333
762.666667
763.000000
763.333333
763.666667
764.000000
764.333333
764.666667
765.000000
765.333333
765.666667
766.000000
766.333333
766.666667
767.000000
767.333333
767.666667
768.000000
768.333333
768.666667
769.000000
769.333333
769.666667
770.000000
770.333333
770.666667
771.000000
771.333333
771.666667
772.000000
772.333333
772.666667
773.000000
773.333333
773.666667
774.000000
774.333333
774.666667
775.000000
775.333333
775.666667
776.000000
776.333333
776.666667
777.000000
777.333333
777.666667
778.000000
778.333333
778.666667
779.000000
779.333333
779.666667
780.000000
780.333333
780.666667
781.000000
781.333333
781.666667
782.000000
782.333333
782.666667
783.000000
783.333333
783.666667
784.000000
784.333333
784.666667
785.000000
785.333333
785.666667
786.000000
786.333333
786.666667
787.000000
787.333333
787.666667
788.000000
788.333333
788.666667
789.000000
789.333333
789.666667
790.000000
790.333333
790.666667
791.000000
791.333333
791.666667
792.000000
792.333333
792.666667
793.000000
793.333333
793.666667
794.000000
794.333333
794.666667
795.000000
795.333333
795.666667
796.000000
796.333333
796.666667
797.000000
797.333333
797.666667
798.000000
798.333333
798.666667
799.000000
799.333333
799.666667
800.000000
800.333333
800.666667
801.000000
801.333333
801.666667
802.000000
802.333333
802.666667
803.000000
803.333333
803.666667
804.000000
804.333333
804.666667
805.000000
805.333333
805.666667
806.000000
806.333333
806.666667
807.000000
807.333333
807.666667
808.000000
808.333333
808.666667
809.000000
809.333333
809.666667
810.000000
810.333333
810.666667
811.000000
811.333333
811.666667
812.000000
812.333333
812.666667
813.000000
813.333333
813.666667
814.000000
814.333333
814.666667
815.000000
815.333333
815.666667
816.000000
816.333333
816.666667
817.000000
817.333333
817.666667
818.000000
818.333333
818.666667
819.000000
819.333333
819.666667
820.000000
820.333333
820.666667
821.000000
821.333333
821.666667
822.000000
822.333333
822.666667
823.000000
823.333333
823.666667
824.000000
824.333333
824.666667
825.000000
825.333333
825.666667
826.000000
826.333333
826.666667
827.000000
827.333333
827.666667
828.000000
828.333333
828.666667
829.000000
829.333333
829.666667
830.000000
830.333333
830.666667
831.000000
831.333333
831.666667
832.000000
832.333333
832.666667
833.000000
833.333333
833.666667
834.000000
834.333333
834.666667
835.000000
835.333333
835.666667
836.000000
836.333333
836.666667
837.000000
837.333333
837.666667
838.000000
838.333333
838.666667
839.000000
839.333333
839.666667
840.000000
840.333333
840.666667
841.000000
841.333333
841.666667
842.000000
842.333333
842.666667
843.000000
843.333333
843.666667
844.000000
844.333333
844.666667
845.000000
845.333333
845.666667
846.000000
846.333333
846.666667
847.000000
847.333333
847.666667
848.000000
848.333333
848.666667
849.000000
849.333333
849.666667
850.000000
850.333333
850.666667
851.000000
851.333333
851.666667
852.000000
852.333333
852.666667
853.000000
853.333333
853.666667
854.000000
854.333333
854.666667
855.000000
855.333333
855.666667
856.000000
856.333333
856.666667
857.000000
857.333333
857.666667
858.000000
858.333333
858.666667
859.000000
859.333333
859.666667
860.000000
860.333333
860.666667
861.000000
861.333333
861.666667
862.000000
862.333333
862.666667
863.000000
863.333333
863.666667
864.000000
864.333333
864.666667
865.000000
865.333333
865.666667
866.000000
866.333333
866.666667
867.000000
867.333333
867.666667
868.000000
868.333333
868.666667
869.000000
869.333333
869.666667
870.000000
870.333333
870.666667
871.000000
871.333333
871.666667
872.000000
872.333333
872.666667
873.000000
873.333333
873.666667
874.000000
874.333333
874.666667
875.000000
875.333333
875.666667
876.000000
876.333333
876.666667
877.000000
877.333333
877.666667
878.000000
878.333333
878.666667
879.000000
879.333333
879.666667
880.000000
880.333333
880.666667
881.000000
881.333333
881.666667
882.000000
882.333333
882.666667
883.000000
883.333333
883.666667
884.000000
884.333333
884.666667
885.000000
885.333333
885.666667
886.000000
886.333333
886.666667
887.000000
887.333333
887.666667
888.000000
888.333333
888.666667
889.000000
889.333333
889.666667
890.000000
890.333333
890.666667
891.000000
891.333333
891.666667
892.000000
892.333333
892.666667
893.000000
893.333333
893.666667
894.000000
894.333333
894.666667
895.000000
895.333333
895.666667
896.000000
896.333333
896.666667
897.000000
897.333333
897.666667
898.000000
898.333333
898.666667
899.000000
899.333333
899.666667
900.000000
900.333333
900.666667
901.000000
901.333333
901.666667
902.000000
902.333333
902.666667
903.000000
903.333333
903.666667
904.000000
904.333333
904.666667
905.000000
905.333333
905.666667
906.000000
906.333333
906.666667
907.000000
907.333333
907.666667
908.000000
908.333333
908.666667
909.000000
909.333333
909.666667
910.000000
910.333333
910.666667
911.000000
911.333333
911.666667
912.000000
912.333333
912.666667
913.000000
913.333333
913.666667
914.000000
914.333333
914.666667
915.000000
915.333333
915.666667
916.000000
916.333333
916.666667
917.000000
917.333333
917.666667
918.000000
918.333333
918.666667
919.000000
919.333333
919.666667
920.000000
920.333333
920.666667
921.000000
921.333333
921.666667
922.000000
922.333333
922.666667
923.000000
923.333333
923.666667
924.000000
924.333333
924.666667
925.000000
925.333333
925.666667
926.000000
926.333333
926.666667
927.000000
927.333333
927.666667
928.000000
928.333333
928.666667
929.000000
929.333333
929.666667
930.000000
930.333333
930.666667
931.000000
931.333333
931.666667
932.000000
932.333333
932.666667
933.000000
933.333333
933.666667
934.000000
934.333333
934.666667
935.000000
935.333333
935.666667
936.000000
936.333333
936.666667
937.000000
937.333333
937.666667
938.000000
938.333333
938.666667
939.000000
939.333333
939.666667
940.000000
940.333333
940.666667
941.000000
941.333333
941.666667
942.000000
942.333333
942.666667
943.000000
943.333333
943.666667
944.000000
944.333333
944.666667
945.000000
945.333333
945.666667
946.000000
946.333333
946.666667
947.000000
947.333333
947.666667
948.000000
948.333333
948.666667
949.000000
949.333333
949.666667
950.000000
950.333333
950.666667
951.000000
951.333333
951.666667
952.000000
952.333333
952.666667
953.000000
953.333333
953.666667
954.000000
954.333333
954.666667
955.000000
955.333333
955.666667
956.000000
956.333333
956.666667
957.000000
957.333333
957.666667
958.000000
958.333333
958.666667
959.000000
959.333333
959.666667
960.000000
960.333333
960.666667
961.000000
961.333333
961.666667
962.000000
962.333333
962.666667
963.000000
963.333333
963.666667
964.000000
964.333333
964.666667
965.000000
965.333333
965.666667
966.000000
966.333333
966.666667
967.000000
967.333333
967.666667
968.000000
968.333333
968.666667
969.000000
969.333333
969.666667
970.000000
970.333333
970.666667
971.000000
971.333333
971.666667
972.000000
972.333333
972.666667
973.000000
973.333333
973.666667
974.000000
974.333333
974.666667
975.000000
975.333333
975.666667
976.000000
976.333333
976.666667
977.000000
977.333333
977.666667
978.000000
978.333333
978.666667
979.000000
979.333333
979.666667
980.000000
980.333333
980.666667
981.000000
981.333333
981.666667
982.000000
982.333333
982.666667
983.000000
983.333333
983.666667
984.000000
984.333333
984.666667
985.000000
985.333333
985.666667
986.000000
986.333333
986.666667
987.000000
987.333333
987.666667
988.000000
988.333333
988.666667
989.000000
989.333333
989.666667
990.000000
990.333333
990.666667
991.000000
991.333333
991.666667
992.000000
992.333333
992.666667
993.000000
993.333333
993.666667
994.000000
994.333333
994.666667
995.000000
995.333333
995.666667
996.000000
996.333333
996.666667
997.000000
997.333333
997.666667
998.000000
998.333333
998.666667
999.000000
999.333333
999.666667
1000.000000
1000.333333
1000.666667
1001.000000
1001.333333
1001.666667
1002.000000
1002.333333
1002.666667
1003.000000
1003.333333
1003.666667
1004.000000
1004.333333
1004.666667
1005.000000
1005.333333
1005.666667
1006.000000
1006.333333
1006.666667
1007.000000
1007.333333
1007.666667
1008.000000
1008.333333
1008.666667
1009.000000
1009.333333
1009.666667
1010.000000
1010.333333
1010.666667
1011.000000
1011.333333
1011.666667
1012.000000
1012.333333
1012.666667
1013.000000
1013.333333
1013.666667
1014.000000
1014.333333
1014.666667
1015.000000
1015.333333
1015.666667
1016.000000
1016.333333
1016.666667
1017.000000
1017.333333
1017.666667
1018.000000
1018.333333
1018.666667
1019.000000
1019.333333
1019.666667
1020.000000
1020.333333
1020.666667
1021.000000
1021.333333
1021.666667
1022.000000
1022.333333
1022.666667
1023.000000
1023.333333
1023.666667
1024.000000
1024.333333
1024.666667
1025.000000
1025.333333
1025.666667
1026.000000
1026.333333
1026.666667
1027.000000
1027.333333
1027.666667
1028.000000
1028.333333
1028.666667
1029.000000
1029.333333
1029.666667
1030.000000
1030.333333
1030.666667
1031.000000
1031.333333
1031.666667
1032.000000
1032.333333
1032.666667
1033.000000
1033.333333
1033.666667
1034.000000
1034.333333
1034.666667
1035.000000
1035.333333
1035.666667
1036.000000
1036.333333
1036.666667
1037.000000
1037.333333
1037.666667
1038.000000
1038.333333
1038.666667
1039.000000
1039.333333
1039.666667
1040.000000
1040.333333
1040.666667
1041.000000
1041.333333
1041.666667
1042.000000
1042.333333
1042.666667
1043.000000
1043.333333
1043.666667
1044.000000
1044.333333
1044.666667
1045.000000
1045.333333
1045.666667
1046.000000
1046.333333
1046.666667
1047.000000
1047.333333
1047.666667
1048.000000
1048.333333
1048.666667
1049.000000
1049.333333
1049.666667
1050.000000
1050.333333
1050.666667
1051.000000
1051.333333
1051.666667
1052.000000
1052.333333
1052.666667
1053.000000
1053.333333
1053.666667
1054.000000
1054.333333
1054.666667
1055.000000
1055.333333
1055.666667
1056.000000
1056.333333
1056.666667
1057.000000
1057.333333
1057.666667
1058.000000
1058.333333
1058.666667
1059.000000
1059.333333
1059.666667
1060.000000
1060.333333
1060.666667
1061.000000
1061.333333
1061.666667
1062.000000
1062.333333
1062.666667
1063.000000
1063.333333
1063.666667
1064.000000
1064.333333
1064.666667
1065.000000
1065.333333
1065.666667
1066.000000
1066.333333
1066.666667
1067.000000
1067.333333
1067.666667
1068.000000
1068.333333
1068.666667
1069.000000
1069.333333
1069.666667
1070.000000
1070.333333
1070.666667
1071.000000
1071.333333
1071.666667
1072.000000
1072.333333
1072.666667
1073.000000
1073.333333
1073.666667
1074.000000
1074.333333
1074.666667
1075.000000
1075.333333
1075.666667
1076.000000
1076.333333
1076.666667
1077.000000
1077.333333
1077.666667
1078.000000
1078.333333
1078.666667
1079.000000
1079.333333
1079.666667
1080.000000
1080.333333
1080.666667
1081.000000
1081.333333
1081.666667
1082.000000
1082.333333
1082.666667
1083.000000
1083.333333
1083.666667
1084.000000
1084.333333
1084.666667
1085.000000
1085.333333
1085.666667
1086.000000
1086.333333
1086.666667
1087.000000
1087.333333
1087.666667
1088.000000
1088.333333
1088.666667
1089.000000
1089.333333
1089.666667
1090.000000
1090.333333
1090.666667
1091.000000
1091.333333
1091.666667
1092.000000
1092.333333
1092.666667
1093.000000
1093.333333
1093.666667
1094.000000
1094.333333
1094.666667
1095.000000
1095.333333
1095.666667
1096.000000
1096.333333
1096.666667
1097.000000
1097.333333
1097.666667
1098.000000
1098.333333
1098.666667
1099.000000
1099.333333
1099.666667
1100.000000
1100.333333
1100.666667
1101.000000
1101.333333
1101.666667
1102.000000
1102.333333
1102.666667
1103.000000
1103.333333
1103.666667
1104.000000
1104.333333
1104.666667
1105.000000
1105.333333
1105.666667
1106.000000
1106.333333
1106.666667
1107.000000
1107.333333
1107.666667
1108.000000
1108.333333
1108.666667
1109.000000
1109.333333
1109.666667
1110.000000
1110.333333
1110.666667
1111.000000
1111.333333
1111.666667
1112.000000
1112.333333
1112.666667
1113.000000
1113.333333
1113.666667
1114.000000
1114.333333
1114.666667
1115.000000
1115.333333
1115.666667
1116.000000
1116.333333
1116.666667
1117.000000
1117.333333
1117.666667
1118.000000
1118.333333
1118.666667
1119.000000
1119.333333
1119.666667
1120.000000
1120.333333
1120.666667
1121.000000
1121.333333
1121.666667
1122.000000
1122.333333
1122.666667
1123.000000
1123.333333
1123.666667
1124.000000
1124.333333
1124.666667
1125.000000
1125.333333
1125.666667
1126.000000
1126.333333
1126.666667
1127.000000
1127.333333
1127.666667
1128.000000
1128.333333
1128.666667
1129.000000
1129.333333
1129.666667
1130.000000
1130.333333
1130.666667
1131.000000
1131.333333
1131.666667
1132.000000
1132.333333
1132.666667
1133.000000
1133.333333
1133.666667
1134.000000
1134.333333
1134.666667
1135.000000
1135.333333
1135.666667
1136.000000
1136.333333
1136.666667
1137.000000
1137.333333
1137.666667
1138.000000
1138.333333
1138.666667
1139.000000
1139.333333
1139.666667
1140.000000
1140.333333
1140.666667
1141.000000
1141.333333
1141.666667
1142.000000
1142.333333
1142.666667
1143.000000
1143.333333
1143.666667
1144.000000
1144.333333
1144.666667
1145.000000
1145.333333
1145.666667
1146.000000
1146.333333
1146.666667
1147.000000
1147.333333
1147.666667
1148.000000
1148.333333
1148.666667
1149.000000
1149.333333
1149.666667
1150.000000
1150.333333
1150.666667
1151.000000
1151.333333
1151.666667
1152.000000
1152.333333
1152.666667
1153.000000
1153.333333
1153.666667
1154.000000
1154.333333
1154.666667
1155.000000
1155.333333
1155.666667
1156.000000
1156.333333
1156.666667
1157.000000
1157.333333
1157.666667
1158.000000
1158.333333
1158.666667
1159.000000
1159.333333
1159.666667
1160.000000
1160.333333
1160.666667
1161.000000
1161.333333
1161.666667
1162.000000
1162.333333
1162.666667
1163.000000
1163.333333
1163.666667
1164.000000
1164.333333
1164.666667
1165.000000
1165.333333
1165.666667
1166.000000
1166.333333
1166.666667
1167.000000
1167.333333
1167.666667
1168.000000
1168.333333
1168.666667
1169.000000
1169.333333
1169.666667
1170.000000
1170.333333
1170.666667
1171.000000
1171.333333
1171.666667
1172.000000
1172.333333
1172.666667
1173.000000
1173.333333
1173.666667
1174.000000
1174.333333
1174.666667
1175.000000
1175.333333
1175.666667
1176.000000
1176.333333
1176.666667
1177.000000
1177.333333
1177.666667
1178.000000
1178.333333
1178.666667
1179.000000
1179.333333
1179.666667
1180.000000
1180.333333
1180.666667
1181.000000
1181.333333
1181.666667
1182.000000
1182.333333
1182.666667
1183.000000
1183.333333
1183.666667
1184.000000
1184.333333
1184.666667
1185.000000
1185.333333
1185.666667
1186.000000
1186.333333
1186.666667
1187.000000
1187.333333
1187.666667
1188.000000
1188.333333
1188.666667
1189.000000
1189.333333
1189.666667
1190.000000
1190.333333
1190.666667
1191.000000
1191.333333
1191.666667
1192.000000
1192.333333
1192.666667
1193.000000
1193.333333
1193.666667
1194.000000
1194.333333
1194.666667
1195.000000
1195.333333
1195.666667
1196.000000
1196.333333
1196.666667
1197.000000
1197.333333
1197.666667
1198.000000
1198.333333
1198.666667
1199.000000
1199.333333
1199.666667
1200.000000
1200.333333
1200.666667
1201.000000
1201.333333
1201.666667
1202.000000
1202.333333
1202.666667
1203.000000
1203.333333
1203.666667
1204.000000
1204.333333
1204.666667
1205.000000
1205.333333
1205.666667
1206.000000
1206.333333
1206.666667
1207.000000
1207.333333
1207.666667
1208.000000
1208.333333
1208.666667
1209.000000
1209.333333
1209.666667
1210.000000
1210.333333
1210.666667
1211.000000
1211.333333
1211.666667
1212.000000
1212.333333
1212.666667
1213.000000
1213.333333
1213.666667
1214.000000
1214.333333
1214.666667
1215.000000
1215.333333
1215.666667
1216.000000
1216.333333
1216.666667
1217.000000
1217.333333
1217.666667
1218.000000
1218.333333
1218.666667
1219.000000
1219.333333
1219.666667
1220.000000
1220.333333
1220.666667
1221.000000
1221.333333
1221.666667
1222.000000
1222.333333
1222.666667
1223.000000
1223.333333
1223.666667
1224.000000
1224.333333
1224.666667
1225.000000
1225.333333
1225.666667
1226.000000
1226.333333
1226.666667
1227.000000
1227.333333
1227.666667
1228.000000
1228.333333
1228.666667
1229.000000
1229.333333
1229.666667
1230.000000
1230.333333
1230.666667
1231.000000
1231.333333
1231.666667
1232.000000
1232.333333
1232.666667
1233.000000
1233.333333
1233.666667
1234.000000
1234.333333
1234.666667
1235.000000
1235.333333
1235.666667
1236.000000
1236.333333
1236.666667
1237.000000
1237.333333
1237.666667
1238.000000
1238.333333
1238.666667
1239.000000
1239.333333
1239.666667
1240.000000
1240.333333
1240.666667
1241.000000
1241.333333
1241.666667
1242.000000
1242.333333
1242.666667
1243.000000
1243.333333
1243.666667
1244.000000
1244.333333
1244.666667
1245.000000
1245.333333
1245.666667
1246.000000
1246.333333
1246.666667
1247.000000
1247.333333
1247.666667
1248.000000
1248.333333
1248.666667
1249.000000
1249.333333
1249.666667
1250.000000
1250.333333
1250.666667
1251.000000
1251.333333
1251.666667
1252.000000
1252.333333
1252.666667
1253.000000
1253.333333
1253.666667
1254.000000
1254.333333
1254.666667
1255.000000
1255.333333
1255.666667
1256.000000
1256.333333
1256.666667
1257.000000
1257.333333
1257.666667
1258.000000
1258.333333
1258.666667
1259.000000
1259.333333
1259.666667
1260.000000
1260.333333
1260.666667
1261.000000
1261.333333
1261.666667
1262.000000
1262.333333
1262.666667
1263.000000
1263.333333
1263.666667
1264.000000
1264.333333
1264.666667
1265.000000
1265.333333
1265.666667
1266.000000
1266.333333
1266.666667
1267.000000
1267.333333
1267.666667
1268.000000
1268.333333
1268.666667
1269.000000
1269.333333
1269.666667
1270.000000
1270.333333
1270.666667
1271.000000
1271.333333
1271.666667
1272.000000
1272.333333
1272.666667
1273.000000
1273.333333
1273.666667
1274.000000
1274.333333
1274.666667
1275.000000
1275.333333
1275.666667
1276.000000
1276.333333
1276.666667
1277.000000
1277.333333
1277.666667
1278.000000
1278.333333
1278.666667
1279.000000
1279.333333
1279.666667
1280.000000
1280.333333
1280.666667
1281.000000
1281.333333
1281.666667
1282.000000
1282.333333
1282.666667
1283.000000
1283.333333
1283.666667
1284.000000
1284.333333
1284.666667
1285.000000
1285.333333
1285.666667
1286.000000
1286.333333
1286.666667
1287.000000
1287.333333
1287.666667
1288.000000
1288.333333
1288.666667
1289.000000
1289.333333
1289.666667
1290.000000
1290.333333
1290.666667
1291.000000
1291.333333
1291.666667
1292.000000
1292.333333
1292.666667
1293.000000
1293.333333
1293.666667
1294.000000
1294.333333
1294.666667
1295.000000
1295.333333
1295.666667
1296.000000
1296.333333
1296.666667
1297.000000
1297.333333
1297.666667
1298.000000
1298.333333
1298.666667
1299.000000
1299.333333
1299.666667
1300.000000
1300.333333
1300.666667
1301.000000
1301.333333
1301.666667
1302.000000
1302.333333
1302.666667
1303.000000
1303.333333
1303.666667
1304.000000
1304.333333
1304.666667
1305.000000
1305.333333
1305.666667
1306.000000
1306.333333
1306.666667
1307.000000
1307.333333
1307.666667
1308.000000
1308.333333
1308.666667
1309.000000
1309.333333
1309.666667
1310.000000
1310.333333
1310.666667
1311.000000
1311.333333
1311.666667
1312.000000
1312.333333
1312.666667
1313.000000
1313.333333
1313.666667
1314.000000
1314.333333
1314.666667
1315.000000
1315.333333
1315.666667
1316.000000
1316.333333
1316.666667
1317.000000
1317.333333
1317.666667
1318.000000
1318.333333
1318.666667
1319.000000
1319.333333
1319.666667
1320.000000
1320.333333
1320.666667
1321.000000
1321.333333
1321.666667
1322.000000
1322.333333
1322.666667
1323.000000
1323.333333
1323.666667
1324.000000
1324.333333
1324.666667
1325.000000
1325.333333
1325.666667
1326.000000
1326.333333
1326.666667
1327.000000
1327.333333
1327.666667
1328.000000
1328.333333
1328.666667
1329.000000
1329.333333
1329.666667
1330.000000
1330.333333
1330.666667
1331.000000
1331.333333
1331.666667
1332.000000
1332.333333
1332.666667
1333.000000
1333.333333
1333.666667
1334.000000
1334.333333
1334.666667
1335.000000
1335.333333
1335.666667
1336.000000
1336.333333
1336.666667
1337.000000
1337.333333
1337.666667
1338.000000
1338.333333
1338.666667
1339.000000
1339.333333
1339.666667
1340.000000
1340.333333
1340.666667
1341.000000
1341.333333
1341.666667
1342.000000
1342.333333
1342.666667
1343.000000
1343.333333
1343.666667
1344.000000
1344.333333
1344.666667
1345.000000
1345.333333
1345.666667
1346.000000
1346.333333
1346.666667
1347.000000
1347.333333
1347.666667
1348.000000
1348.333333
1348.666667
1349.000000
1349.333333
1349.666667
1350.000000
1350.333333
1350.666667
1351.000000
1351.333333
1351.666667
1352.000000
1352.333333
1352.666667
1353.000000
1353.333333
1353.666667
1354.000000
1354.333333
1354.666667
1355.000000
1355.333333
1355.666667
1356.000000
1356.333333
1356.666667
1357.000000
1357.333333
1357.666667
1358.000000
1358.333333
1358.666667
1359.000000
1359.333333
1359.666667
1360.000000
1360.333333
1360.666667
1361.000000
1361.333333
1361.666667
1362.000000
1362.333333
1362.666667
1363.000000
1363.333333
1363.666667
1364.000000
1364.333333
1364.666667
1365.000000
