0
0
0
0
0
0
0
0
0
0
0
0
0
0
0
0
0
0
0
0
0
0
0
0
0
0
0
0
0
0
0
0
0
0
0
0
0
0
0
0
0
0
0
0
0
0
0
0
0
0
0
0
0
0
0
0
0
0
0
0
0
0
0
0
0
0
0
0
0
0
0
0
0
0
0
0
0
0
0
0
0
0
0
0
0
0
0
0
0
0
0
0
0
0
0
0
0
0
0
0
0
0
0
0
0
0
0
0
0
0
0
0
0
0
0
0
0
0
0
0
0
0
0
0
0
0
0
0
0
0
0
0
0
0
0
0
0
0
0
0
0
0
0
0
0
0
0
0
0
0
0
0
0
0
0
0
0
0
0
0
0
0
0
0
0
0
0
0
0
0
0
0
0
0
0
0
0
0
0
0
0
0
0
0
0
0
0.554
0.554
0.554
0.554
1.108
0.554
1.108
1.108
1.662
1.662
1.662
1.662
1.662
2.216
2.77
2.216
2.77
2.77
2.77
2.77
2.77
3.878
4.432
4.432
4.986
4.986
4.432
4.986
4.986
4.986
5.54
5.54
5.54
5.54
8.31
8.864
8.864
7.756
9.418
11.634
13.85
13.296
12.742
12.188
11.634
11.634
11.634
11.634
12.188
12.188
12.188
12.188
13.85
15.512
16.62
17.728
18.282
17.174
16.62
16.62
16.62
16.62
18.836
20.498
18.836
18.836
18.282
18.836
19.39
20.498
22.16
21.052
21.052
21.052
21.606
23.822
25.484
27.146
26.592
28.254
28.254
28.254
27.7
28.254
28.808
29.362
29.916
29.362
29.362
28.808
27.7
27.146
27.146
27.146
27.7
27.146
28.254
27.7
27.7
27.7
28.808
29.362
29.362
29.362
29.916
29.916
29.362
29.916
30.47
31.024
31.024
31.578
31.578
31.578
31.024
31.578
31.578
31.578
31.578
31.578
31.578
31.578
31.578
31.578
31.578
32.132
31.578
31.578
31.578
31.578
31.578
31.578
32.132
32.132
32.132
31.578
31.578
31.578
31.578
31.578
31.578
31.024
29.916
29.362
29.362
28.808
28.808
28.254
27.7
27.7
27.146
26.592
26.038
25.484
24.376
23.268
22.714
22.16
22.16
21.606
21.606
22.16
22.16
21.606
21.606
21.606
21.606
21.052
21.052
20.498
20.498
20.498
20.498
19.944
19.944
19.39
18.282
18.282
17.728
17.728
17.728
17.174
17.174
16.62
16.62
16.62
16.62
16.62
16.62
16.066
16.066
15.512
15.512
15.512
14.958
14.404
14.404
14.404
14.404
13.85
13.85
13.85
14.404
13.85
13.85
13.296
13.296
13.296
13.85
13.296
13.296
13.296
13.296
13.296
12.742
12.742
12.742
12.742
12.742
12.188
12.188
12.188
11.634
11.634
11.08
11.08
11.08
11.08
10.526
10.526
10.526
10.526
10.526
9.972
9.972
9.972
9.972
9.972
9.418
9.418
9.418
9.418
9.418
9.418
9.418
9.418
9.418
8.864
8.864
8.864
8.864
8.864
8.864
8.31
8.31
8.31
7.756
7.756
7.756
7.756
7.756
7.756
7.756
7.202
6.648
6.648
7.202
6.648
6.648
6.648
6.094
6.094
6.094
6.094
6.094
5.54
4.986
5.54
6.094
6.094
5.54
4.986
4.986
4.986
4.432
4.432
4.432
4.432
3.878
3.878
3.878
3.878
3.878
3.878
3.878
3.878
3.324
3.324
3.324
3.324
3.324
3.324
3.324
3.878
3.324
3.878
3.878
3.878
3.878
3.324
3.324
3.324
3.324
3.324
3.324
3.324
3.324
3.324
3.324
3.324
3.324
2.77
2.77
2.77
2.77
2.77
3.324
2.77
2.77
2.77
2.77
2.77
2.77
2.77
2.77
2.77
2.77
2.77
2.77
2.77
2.216
2.216
2.77
2.216
2.216
2.216
2.216
2.216
2.216
2.216
2.216
2.216
2.216
2.216
2.216
2.216
2.216
2.216
2.216
2.216
2.216
2.216
2.216
2.216
2.216
2.216
2.216
2.216
2.216
2.216
2.216
2.216
2.216
2.216
2.216
2.216
2.216
2.216
2.216
2.216
2.216
2.216
2.216
2.216
2.216
2.216
2.216
2.216
2.216
2.216
2.216
2.216
2.216
1.662
1.662
1.662
1.662
1.662
2.216
2.216
2.216
2.216
2.216
1.662
2.216
2.216
2.216
2.216
2.216
1.662
1.662
1.662
2.216
2.216
1.662
1.662
1.662
1.662
1.662
1.662
1.662
1.662
1.662
1.662
1.662
1.662
1.662
1.662
1.662
1.662
1.662
1.662
1.662
1.662
1.662
1.662
1.662
1.662
1.662
1.662
1.662
1.662
1.662
1.662
1.662
1.662
1.662
1.662
1.662
1.108
1.108
1.662
1.662
1.662
1.662
1.662
1.108
1.108
1.108
1.108
1.108
1.108
1.108
1.662
1.108
1.108
1.108
1.108
1.108
0.554
0.554
0.554
0.554
0.554
0.554
0.554
0.554
0.554
0.554
0.554
0.554
0.554
0
0
0
0
0
0
0
0
0
0
0
0
0
0
0
0
0
0
0
0
0
0
0
0
0
0
0
0
0
0
0
0
0
0
0
0
0
0
0
0
0
0
0
0
0
0
0
0
0
0
0
0
0
0
0
0
0
0
0
0
0
0
0
0
0
0
0
0
0
0
0
0
0
0
0
0
0
0
0
0
0
0
0
0
0
0
0
0
0
0
0
0
0
0
0
0
0
0
0
0
0
0
0
0
0
0
0
0
0
0
0
0
0
0
0
0
0
0
0
0
0
0
0
0
0
0
0
0
0
0
0
0
0
0
0
0
0
0
0
0
0
0
0
0
0
0
0
0
0
0
0
0
0
0
0
0
0
0
0
0
0
0
0
0
0
0
0
0
0
0
0
0
0
0
0
0
0
0
0
0
0
0
0
0
0
0
0
0
0
0
0
0
0
0
0
0
0
0
0
0
0
0
0
0
0
0
0
0
0
0
0
0
0
0
0
0
0
0
0
0
0
0
0
0
0
0
0
0
0
0
0
0
0
0
0
0
0
0
0
0
0
0
0
0
0
0
0
0
0
0
0
0
0
0
0
0
0
0
0
0
0
0
0
0
0
0
0
0
0
0
0
0
0
0
0
0
0
0
0
0
0
0
0
0
0
0
0
0
0
0
0
0
0
0
0
0
0
0
0
0
0
0
0
0
0
0
0
0
0
0
0
0
0
0
0
0
0
0
0
0
0
0
0
0
0
0
0
0
0
0
0
0
0
0
0
0
0
0
0
0
0
0
0
0
0
0
0
0
0
0
0
0
0
0
0
0
0
0
0
0
0
0
0
0
0
0
0
0
0
0
0
0
0
0
0
0
0
0
0
0
0
0
0
0
0
0
0
0
0
0
0
0
0
0
0
0
0
0
0
0
0
0
0
0
0
0
0
0
0
0
0
0
0
0
0
0
0
0
0
0
0
0
0
0
0
0
0
0
0
0
0
0
0
0
0
0
0
0
0
0
0
0
0
0
0
0
0
0
0
0
0
0
0
0
0
0
0
0
0
0
0
0
0
0
0
0
0
0
0
0
0
0
0
0
0
0
0
0
0
0
0
0
0
0
0
0
0
0
0
0
0
0
0
0
0
0
0
0
0
0
0
0
0
0
0
0
0
0
0
0
0
0
0
0
0
0
0
0
0
0
0
0
0
0
0
0
0
0
0
0
0
0
0
0
0
0
0
0
0
0
0
0
0
0
0
0
0
0
0
0
0
0
0
0
0
0
0
0
0
0
0
0
0
0
0
0
0
0
0
0
0
0
0
0
0
0
0
0
0
0
0
0
0
0
0
0
0
0
0
0
0
0
0
0
0
0
0
0
0
0
0
0
0
0
0
0
0
0
0
0
0
0
0
0
0
0
0
0
0
0
0
0
0
0
0
0
0
0
0
0
0
0
0
0
0
0
0
0
0
0
0
0
0
0
0
0
0
0
0
0
0
0
0
0
0
0
0
0
0
0
0
0
0
0
0
0
0
0
0
0
0
0
0
0
0
0
0
0
0
0
0
0
0
0
0
0
0
0
0
0
0
0
0
0
0
0
0
0
0
0
0
0
0
0
0
0
0
0
0
0
0
0
0
0
0
0
0
0
0
0
0
0
0
0
0
0
0
0
0
0
0
0
0
0
0
0
0
0
0
0
0
0
0
0
0
0
0
0
0
0
0
0
0
0
0
0
0
0
0
0
0
0
0
0
0
0
0
0
0
0
0
0
0
0
0
0
0
0
0
0
0
0
0
0
0
0
0
0
0
0
0
0
0
0
0
0
0
0
0
0
0
0
0
0
0
0
0
0
0
0
0
0
0
0
0
0
0
0
0
0
0
0
0
0
0
0
0
0
0
0
0
0
0
0
0
0
0
0
0
0
0
0
0
0
0
0
0
0
0
0
0
0
0
0
0
0
0
0
0
0
0
0
0
0
0
0
0
0
0
0
0
0
0
0
0
0
0
0
0
0
0
0
0
0
0
0
0
0
0
0
0
0
0
0
0
0
0
0
0
0
0
0
0
0
0
0
0
0
0
0
0
0
0
0
0
0
0
0
0
0
0
0
0
0
0
0
0
0
0
0
0
0
0
0
0
0
0
0
0
0
0
0
0
0
0
0
0
0
0
0
0
0
0
0
0
0
0
0
0
0
0
0
0
0
0
0
0
0
0
0
0
0
0
0
0
0
0
0
0
0
0
0
0
0
0
0
0
0
0
0
0
0
0
0
0
0
0
0
0
0
0
0
0
0
0
0
0
0
0
0
0
0
0
0
0
0
0
0
0
0
0
0
0
0
0
0
0
0
0
0
0
0
0
0
0
0
0
0
0
0
0
0
0
0
0
0
0
0
0
0
0
0
0
0
0
0
0
0
0
0
0
0
0
0
0
0
0
0
0
0
0
0
0
0
0
0
0
0
0
0
0
0
0
0
0
0
0
0
0
0
0
0
0
0
0
0
0
0
0
0
0
0
0
0
0
0
0
0
0
0
0
0
0
0
0
0
0
0
0
0
0
0
0
0
0
0
0
0
0
0
0
0
0
0
0
0
0
0
0
0
0
0
0
0
0
0
0
0
0
0
0
0
0
0
0
0
0
0
0
0
0
0
0
0
0
0
0
0
0
0
0
0
0
0
0
0
0
0
0
0
0
0
0
0
0
0
0
0
0
0
0
0
0
0
0
0
0
0
0
0
0
0
0
0
0
0
0
0
0
0
0
0
0
0
0
0
0
0
0
0
0
0
0
0
0
0
0
0
0
0
0
0
0
0
0
0
0
0
0
0
0
0
0
0
0
0
0
0
0
0
0
0
0
0
0
0
0
0
0
0
0
0
0
0
0
0
0
0
0
0
0
0
0
0
0
0
0
0
0
0
0
0
0
0
0
0
0
0
0
0
0
0
0
0
0
0
0
0
0
0
0
0
0
0
0
0
0
0
0
0
0
0
0
0
0
0
0
0
0
0
0
0
0
0
0
0
0
0
0
0
0
0
0
0
0
0
0
0
0
0
0
0
0
0
0
0
0
0
0
0
0
0
0
0
0
0
0
0
0
0
0
0
0
0
0
0
0
0
0
0
0
0
0
0
0
0
0
0
0
0
